2 0.171237 0.648524 0.147495 0.160517
2 0.128695 0.178044 0.257391 0.238007
2 0.120234 0.339483 0.213662 0.439114
2 0.173994 0.238930 0.332209 0.271218
2 0.781895 0.226937 0.307397 0.442804
2 0.765354 0.367159 0.464542 0.199262
2 0.873372 0.701107 0.253255 0.166052
2 0.769298 0.520295 0.461403 0.416974
2 0.387655 0.275830 0.103385 0.551661
2 0.744677 0.941882 0.078572 0.116236
2 0.485526 0.808118 0.315668 0.376384
2 0.449686 0.587638 0.103385 0.470480
2 0.284271 0.702952 0.376320 0.372694
2 0.591668 0.849631 0.089600 0.300738
2 0.584775 0.926199 0.183335 0.147601
