0 0.822424 0.122705 0.183352 0.101836
0 0.734490 0.454090 0.129718 0.123539
0 0.821801 0.554257 0.114751 0.086811
0 0.877929 0.661102 0.112256 0.223706
2 0.968899 0.146077 0.062201 0.055092
2 0.960168 0.587646 0.079663 0.173623
2 0.978959 0.838063 0.032430 0.190317
2 0.897262 0.921536 0.063612 0.156928
2 0.765673 0.909015 0.414100 0.171953
2 0.604772 0.852254 0.067354 0.278798
2 0.405206 0.846411 0.069848 0.307179
2 0.514967 0.060935 0.289371 0.121870
2 0.102820 0.707846 0.205640 0.497496
2 0.182023 0.680301 0.364045 0.105175
1 0.387120 0.356427 0.367950 0.365609
