0 0.344089 0.290484 0.187093 0.110184
0 0.858596 0.648581 0.148427 0.161937
1 0.267381 0.387312 0.195824 0.504174
2 0.043574 0.457429 0.087147 0.283806
2 0.092842 0.482471 0.185683 0.116861
2 0.493140 0.045910 0.175868 0.091820
2 0.814317 0.030050 0.152169 0.060100
2 0.885412 0.021703 0.094794 0.043406
2 0.885412 0.184474 0.202061 0.368948
2 0.761307 0.848080 0.143438 0.096828
2 0.561741 0.787145 0.325543 0.412354
2 0.208134 0.964107 0.279393 0.071786
2 0.758189 0.446578 0.104772 0.225376
2 0.735114 0.466611 0.143438 0.191987
2 0.780017 0.565109 0.178362 0.188648
2 0.791866 0.659432 0.159653 0.487479
