0 0.573748 0.763838 0.144739 0.132841
0 0.939040 0.182657 0.106142 0.191882
2 0.091286 0.898524 0.136468 0.202952
2 0.293920 0.109779 0.062031 0.219557
2 0.125938 0.214945 0.251877 0.223247
2 0.395237 0.653137 0.137846 0.118081
2 0.503446 0.519373 0.310154 0.470480
2 0.674375 0.937269 0.078572 0.125461
2 0.650252 0.786900 0.217797 0.426199
1 0.739852 0.290590 0.446622 0.252768
2 0.866480 0.620849 0.267040 0.145756
2 0.446929 0.129151 0.158523 0.258303
2 0.852886 0.858856 0.209526 0.282288
2 0.351126 0.862546 0.154388 0.263838
