0 0.646557 0.110184 0.108514 0.156928
2 0.058541 0.722871 0.117082 0.270451
2 0.981996 0.250417 0.036008 0.170284
2 0.968276 0.399833 0.063449 0.081803
2 0.992598 0.514190 0.014804 0.073456
2 0.950814 0.820534 0.098373 0.115192
2 0.951519 0.978297 0.084816 0.043406
2 0.743845 0.926544 0.130965 0.146912
2 0.691459 0.783806 0.148427 0.058431
2 0.820553 0.732888 0.289371 0.173623
2 0.659653 0.913189 0.179610 0.173623
2 0.489398 0.912354 0.485196 0.088481
0 0.353443 0.813022 0.081074 0.200334
2 0.305423 0.637730 0.087310 0.243740
2 0.203769 0.522538 0.213287 0.454090
2 0.435141 0.057596 0.107267 0.115192
2 0.438883 0.440735 0.102278 0.176962
2 0.384002 0.358932 0.112256 0.240401
2 0.441377 0.424875 0.112256 0.616027
