2 0.096111 0.174354 0.162659 0.234317
2 0.071489 0.491697 0.142978 0.249077
2 0.103003 0.745387 0.077194 0.188192
2 0.081828 0.801661 0.163655 0.178967
2 0.113341 0.927122 0.130954 0.145756
2 0.696431 0.919742 0.139225 0.156827
2 0.782585 0.892989 0.190228 0.214022
2 0.916985 0.223247 0.139225 0.169742
2 0.502068 0.116236 0.412160 0.232472
2 0.466917 0.158672 0.204012 0.295203
2 0.374560 0.318266 0.239852 0.300738
2 0.156074 0.405904 0.224689 0.608856
2 0.438658 0.454797 0.351508 0.503690
2 0.750191 0.372694 0.425945 0.273063
