0 0.414561 0.844741 0.088558 0.310518
2 0.959545 0.545075 0.080911 0.188648
2 0.733867 0.055927 0.071096 0.111853
2 0.934599 0.164441 0.130802 0.118531
2 0.949024 0.065943 0.077332 0.131886
0 0.537419 0.473289 0.124729 0.215359
2 0.587934 0.038397 0.145933 0.076795
2 0.410819 0.046745 0.048644 0.093489
2 0.144522 0.015025 0.159653 0.030050
2 0.257402 0.919866 0.051139 0.160267
2 0.324132 0.878130 0.062364 0.243740
2 0.789995 0.421536 0.407864 0.275459
2 0.076003 0.579299 0.152006 0.066778
2 0.050434 0.447412 0.100867 0.110184
2 0.220607 0.513356 0.339263 0.208681
2 0.218113 0.593489 0.236985 0.378965
