0 0.702685 0.833890 0.150922 0.055092
0 0.885412 0.737896 0.117245 0.210351
0 0.576708 0.906511 0.145933 0.050083
0 0.247424 0.711185 0.253200 0.163606
2 0.904745 0.968280 0.170879 0.063439
2 0.677739 0.946578 0.078579 0.106845
2 0.056046 0.137730 0.112093 0.045075
2 0.544902 0.038397 0.117245 0.076795
2 0.544902 0.186978 0.059870 0.373957
2 0.864751 0.167780 0.270499 0.115192
2 0.609138 0.161937 0.467734 0.180301
2 0.804881 0.375626 0.390239 0.220367
2 0.687093 0.629382 0.229501 0.073456
2 0.691459 0.491653 0.223265 0.509182
2 0.708297 0.489983 0.214534 0.575960
2 0.230043 0.444073 0.460087 0.143573
2 0.135249 0.415693 0.270499 0.300501
2 0.220607 0.611018 0.439046 0.303840
2 0.055341 0.674457 0.098536 0.170284
2 0.078498 0.888982 0.156995 0.155259
2 0.217570 0.846411 0.435141 0.146912
2 0.333487 0.976628 0.155911 0.046745
