1 0.500000 0.180301 0.478959 0.170284
0 0.877305 0.418197 0.185846 0.105175
2 0.125895 0.585977 0.251789 0.360601
2 0.102820 0.584307 0.205640 0.096828
2 0.171421 0.733723 0.342842 0.055092
2 0.042950 0.721202 0.085900 0.096828
2 0.027982 0.855593 0.055965 0.125209
2 0.048481 0.957429 0.067354 0.078464
2 0.669008 0.582638 0.180857 0.554257
2 0.567354 0.730384 0.119740 0.539232
2 0.560494 0.593489 0.400380 0.315526
2 0.644686 0.567613 0.339263 0.510851
2 0.885955 0.570117 0.228091 0.065109
2 0.874811 0.830551 0.148427 0.158598
2 0.874187 0.903172 0.189588 0.193656
2 0.865374 0.855593 0.269251 0.275459
2 0.871692 0.783806 0.187093 0.432387
2 0.614127 0.790484 0.168384 0.419032
2 0.124566 0.575960 0.234490 0.554257
2 0.076545 0.637730 0.058623 0.614357
2 0.070309 0.212855 0.076085 0.425710
2 0.387120 0.027546 0.063612 0.055092
2 0.555504 0.074290 0.118493 0.148581
