0 0.435141 0.857262 0.069848 0.158598
0 0.234951 0.865609 0.133460 0.171953
0 0.878552 0.863940 0.160900 0.121870
2 0.826790 0.973289 0.092299 0.053422
1 0.283595 0.520033 0.143438 0.616027
2 0.691459 0.707012 0.180857 0.121870
2 0.733243 0.593489 0.082321 0.422371
2 0.688341 0.292988 0.167137 0.442404
2 0.706426 0.265442 0.140944 0.070117
2 0.839181 0.429883 0.321638 0.048414
2 0.932728 0.407346 0.134544 0.050083
2 0.703308 0.636060 0.224512 0.397329
2 0.052928 0.338898 0.105857 0.090150
2 0.093465 0.339733 0.186930 0.075125
2 0.090971 0.320534 0.181941 0.103506
0 0.140157 0.651920 0.108514 0.078464
0 0.108975 0.795492 0.043655 0.205342
2 0.029853 0.829716 0.059707 0.060100
2 0.052928 0.952421 0.105857 0.068447
2 0.430775 0.097663 0.205803 0.195326
2 0.249295 0.046745 0.152169 0.090150
2 0.538666 0.126043 0.419089 0.252087
2 0.892815 0.032554 0.214371 0.065109
