2 0.907240 0.922371 0.058623 0.155259
2 0.612880 0.964942 0.088558 0.063439
2 0.322885 0.056761 0.074837 0.113523
2 0.122071 0.119366 0.067354 0.238731
2 0.024241 0.071786 0.048481 0.073456
2 0.079121 0.464942 0.158243 0.215359
2 0.014262 0.588481 0.028525 0.128548
0 0.379013 0.651920 0.092299 0.245409
2 0.456345 0.738731 0.074837 0.272120
2 0.473183 0.788815 0.068601 0.171953
2 0.861090 0.525876 0.066106 0.173623
0 0.580450 0.380634 0.123482 0.347245
2 0.672126 0.348915 0.356725 0.360601
2 0.873482 0.413189 0.253037 0.335559
