0 0.534300 0.171119 0.158406 0.068447
0 0.619740 0.232053 0.119740 0.056761
2 0.922126 0.187813 0.155748 0.075125
2 0.973346 0.424875 0.051139 0.055092
2 0.098373 0.602671 0.124729 0.096828
2 0.253037 0.658598 0.187093 0.295492
2 0.075298 0.479967 0.108514 0.602671
2 0.112798 0.408180 0.225596 0.472454
2 0.467570 0.360601 0.434057 0.156928
2 0.483162 0.432387 0.073590 0.240401
2 0.466323 0.530885 0.177115 0.093489
2 0.592923 0.734558 0.113503 0.524207
2 0.811822 0.906511 0.294360 0.186978
2 0.801844 0.849750 0.324295 0.300501
