0 0.335358 0.369783 0.079827 0.155259
0 0.773156 0.346411 0.182104 0.385643
0 0.047858 0.222037 0.073590 0.233723
1 0.659653 0.540067 0.119740 0.595993
2 0.600407 0.076795 0.108514 0.153589
2 0.375895 0.055927 0.215781 0.105175
2 0.176328 0.399833 0.195824 0.091820
2 0.156946 0.271285 0.286778 0.415693
2 0.317896 0.936561 0.099783 0.126878
2 0.416432 0.969950 0.057375 0.060100
2 0.652169 0.919032 0.044902 0.148581
2 0.694577 0.956594 0.044902 0.086811
2 0.714534 0.913189 0.029935 0.173623
2 0.591676 0.969950 0.101030 0.060100
2 0.213123 0.888147 0.064859 0.223706
2 0.249918 0.813856 0.061117 0.345576
2 0.174457 0.775459 0.321801 0.145242
2 0.246800 0.616027 0.092299 0.327212
